$ANSIBLE_VAULT;1.1;AES256
62376531323262363465626665346232626361643031366237343439613062396264376162383736
6331333062383065313136633566333262656161383565620a643935313330633163393335323534
62373665313931326265343438363838383063646135303263373664633632663739343361626130
6637383863363264320a663833326438653264666133313530653637346536373463653830663565
35316635303662376234376131663664313761316138363263396165646135303136303437356332
37633634323135613635306164393731353931313434343365366339353330316162646533386335
36356363386664353630626135313938663434316663653537386137623331643533353734623034
63363234333833633865373230353838366566383631313936316164343563656434643932643664
38376363396630643837623336656239663466383561333161323539633762633464613963653530
61633030636337383938343139613932393164653364333663643663643761316362303663303836
383565363330613663376136353465313161
